%YAML:1.0
---
image_width: 640
image_height: 480
camera_matrix: !!opencv-matrix
   rows: 3
   cols: 3
   dt: f
   data: [ 4.90174072e+02, 0., 3.12295654e+02, 0., 4.87950409e+02,
       2.35944458e+02, 0., 0., 1. ]
distortion_coefficients: !!opencv-matrix
   rows: 1
   cols: 5
   dt: f
   data: [ 1.84996724e-01, -5.91318250e-01, -9.38468520e-03,
       -2.08705827e-03, 5.13369083e-01 ]
